# generated by Slic3r++ 2.2.49 on 2020-05-12 at 03:45:39 UTC
bed_custom_model = 
bed_custom_texture = 
bed_shape = 174.334x15.2523,172.341x30.3884,169.037x45.2933,164.446x59.8535,158.604x73.9582,151.554x87.5,143.352x100.376,134.058x112.488,123.744x123.744,112.488x134.058,100.376x143.352,87.5x151.554,73.9582x158.604,59.8535x164.446,45.2933x169.037,30.3884x172.341,15.2523x174.334,1.07157e-14x175,-15.2523x174.334,-30.3884x172.341,-45.2933x169.037,-59.8535x164.446,-73.9582x158.604,-87.5x151.554,-100.376x143.352,-112.488x134.058,-123.744x123.744,-134.058x112.488,-143.352x100.376,-151.554x87.5,-158.604x73.9582,-164.446x59.8535,-169.037x45.2933,-172.341x30.3884,-174.334x15.2523,-175x2.14313e-14,-174.334x-15.2523,-172.341x-30.3884,-169.037x-45.2933,-164.446x-59.8535,-158.604x-73.9582,-151.554x-87.5,-143.352x-100.376,-134.058x-112.488,-123.744x-123.744,-112.488x-134.058,-100.376x-143.352,-87.5x-151.554,-73.9582x-158.604,-59.8535x-164.446,-45.2933x-169.037,-30.3884x-172.341,-15.2523x-174.334,-3.2147e-14x-175,15.2523x-174.334,30.3884x-172.341,45.2933x-169.037,59.8535x-164.446,73.9582x-158.604,87.5x-151.554,100.376x-143.352,112.488x-134.058,123.744x-123.744,134.058x-112.488,143.352x-100.376,151.554x-87.5,158.604x-73.9582,164.446x-59.8535,169.037x-45.2933,172.341x-30.3884,174.334x-15.2523,175x-4.28626e-14
before_layer_gcode = 
between_objects_gcode = 
cooling_tube_length = 5
cooling_tube_retraction = 91.5
default_filament_profile = ""
default_print_profile = 
deretract_speed = 0
end_gcode = END_PRINT
extra_loading_move = -2
extruder_colour = ""
extruder_offset = 0x0
fan_speedup_time = 0
feature_gcode = 
gcode_flavor = klipper
high_current_on_filament_swap = 0
host_type = octoprint
inherits = 
layer_gcode = 
machine_max_acceleration_e = 10000,5000
machine_max_acceleration_extruding = 1500,1250
machine_max_acceleration_retracting = 1500,1250
machine_max_acceleration_x = 9000,1000
machine_max_acceleration_y = 9000,1000
machine_max_acceleration_z = 500,200
machine_max_feedrate_e = 120,120
machine_max_feedrate_x = 500,200
machine_max_feedrate_y = 500,200
machine_max_feedrate_z = 12,12
machine_max_jerk_e = 2.5,2.5
machine_max_jerk_x = 10,10
machine_max_jerk_y = 10,10
machine_max_jerk_z = 0.2,0.4
machine_min_extruding_rate = 0,0
machine_min_travel_rate = 0,0
max_layer_height = 0
max_print_height = 200
min_layer_height = 0.07
nozzle_diameter = 0.4
parking_pos_retraction = 92
print_host = 192.168.0.25
printer_model = 
printer_notes = 
printer_settings_id = 
printer_technology = FFF
printer_variant = 
printer_vendor = 
printhost_apikey = D1A696F5DF4E41DF9D8DD3D87D035937
printhost_cafile = 
remaining_times = 1
retract_before_travel = 2
retract_before_wipe = 0%
retract_layer_change = 0
retract_length = 1
retract_length_toolchange = 10
retract_lift = 1
retract_lift_above = 0
retract_lift_below = 0
retract_lift_not_last_layer = 0
retract_restart_extra = 0
retract_restart_extra_toolchange = 0
retract_speed = 50
serial_port = 
serial_speed = 250000
silent_mode = 1
single_extruder_multi_material = 0
start_gcode = START_PRINT T_BED=[first_layer_bed_temperature] T_EXTRUDER=[first_layer_temperature]\nM190 S[first_layer_bed_temperature]\nM104 S[first_layer_temperature]
thumbnails = 
toolchange_gcode = 
use_firmware_retraction = 0
use_relative_e_distances = 0
use_volumetric_e = 0
variable_layer_height = 1
wipe = 0
wipe_advanced = 0
wipe_advanced_algo = linear
wipe_advanced_multiplier = 60
wipe_advanced_nozzle_melted_volume = 120
z_offset = 0
